(kicad_pcb (version 20171130) (host pcbnew "(5.1.0-0)")

  (general
    (thickness 1.6)
    (drawings 14)
    (tracks 279)
    (zones 0)
    (modules 36)
    (nets 47)
  )

  (page A4)
  (layers
    (0 F.Cu signal)
    (31 B.Cu signal)
    (32 B.Adhes user)
    (33 F.Adhes user)
    (34 B.Paste user)
    (35 F.Paste user)
    (36 B.SilkS user)
    (37 F.SilkS user)
    (38 B.Mask user)
    (39 F.Mask user)
    (40 Dwgs.User user)
    (41 Cmts.User user)
    (42 Eco1.User user)
    (43 Eco2.User user)
    (44 Edge.Cuts user)
    (45 Margin user)
    (46 B.CrtYd user)
    (47 F.CrtYd user)
    (48 B.Fab user)
    (49 F.Fab user)
  )

  (setup
    (last_trace_width 0.25)
    (trace_clearance 0.2)
    (zone_clearance 0.508)
    (zone_45_only no)
    (trace_min 0.2)
    (via_size 0.8)
    (via_drill 0.4)
    (via_min_size 0.4)
    (via_min_drill 0.3)
    (uvia_size 0.3)
    (uvia_drill 0.1)
    (uvias_allowed no)
    (uvia_min_size 0.2)
    (uvia_min_drill 0.1)
    (edge_width 0.05)
    (segment_width 0.2)
    (pcb_text_width 0.3)
    (pcb_text_size 1.5 1.5)
    (mod_edge_width 0.12)
    (mod_text_size 1 1)
    (mod_text_width 0.15)
    (pad_size 1.524 1.524)
    (pad_drill 0.762)
    (pad_to_mask_clearance 0.051)
    (solder_mask_min_width 0.25)
    (aux_axis_origin 0 0)
    (visible_elements FFFFFF7F)
    (pcbplotparams
      (layerselection 0x010fc_ffffffff)
      (usegerberextensions true)
      (usegerberattributes false)
      (usegerberadvancedattributes false)
      (creategerberjobfile false)
      (excludeedgelayer true)
      (linewidth 0.100000)
      (plotframeref false)
      (viasonmask false)
      (mode 1)
      (useauxorigin false)
      (hpglpennumber 1)
      (hpglpenspeed 20)
      (hpglpendiameter 15.000000)
      (psnegative false)
      (psa4output false)
      (plotreference true)
      (plotvalue true)
      (plotinvisibletext false)
      (padsonsilk false)
      (subtractmaskfromsilk false)
      (outputformat 1)
      (mirror false)
      (drillshape 0)
      (scaleselection 1)
      (outputdirectory "gerber/"))
  )

  (net 0 "")
  (net 1 +5V)
  (net 2 "Net-(C1-Pad1)")
  (net 3 "Net-(C2-Pad1)")
  (net 4 VCC)
  (net 5 "Net-(C8-Pad1)")
  (net 6 "Net-(D1-Pad2)")
  (net 7 /row0)
  (net 8 "Net-(D2-Pad2)")
  (net 9 /row1)
  (net 10 "Net-(D3-Pad2)")
  (net 11 "Net-(D4-Pad2)")
  (net 12 "Net-(D5-Pad2)")
  (net 13 "Net-(D6-Pad2)")
  (net 14 "Net-(D7-Pad2)")
  (net 15 "Net-(D8-Pad2)")
  (net 16 "Net-(J1-Pad2)")
  (net 17 "Net-(J1-Pad3)")
  (net 18 "Net-(J1-Pad4)")
  (net 19 /col0)
  (net 20 /col1)
  (net 21 /col2)
  (net 22 /col3)
  (net 23 "Net-(R1-Pad1)")
  (net 24 "Net-(R2-Pad2)")
  (net 25 "Net-(R3-Pad1)")
  (net 26 "Net-(R4-Pad1)")
  (net 27 "Net-(U1-Pad1)")
  (net 28 "Net-(U1-Pad8)")
  (net 29 "Net-(U1-Pad9)")
  (net 30 "Net-(U1-Pad10)")
  (net 31 "Net-(U1-Pad11)")
  (net 32 "Net-(U1-Pad12)")
  (net 33 "Net-(U1-Pad18)")
  (net 34 "Net-(U1-Pad19)")
  (net 35 "Net-(U1-Pad20)")
  (net 36 "Net-(U1-Pad21)")
  (net 37 "Net-(U1-Pad22)")
  (net 38 "Net-(U1-Pad25)")
  (net 39 "Net-(U1-Pad26)")
  (net 40 "Net-(U1-Pad27)")
  (net 41 "Net-(U1-Pad28)")
  (net 42 "Net-(U1-Pad29)")
  (net 43 "Net-(U1-Pad30)")
  (net 44 "Net-(U1-Pad31)")
  (net 45 "Net-(U1-Pad32)")
  (net 46 "Net-(U1-Pad42)")

  (net_class Default "This is the default net class."
    (clearance 0.2)
    (trace_width 0.25)
    (via_dia 0.8)
    (via_drill 0.4)
    (uvia_dia 0.3)
    (uvia_drill 0.1)
    (add_net +5V)
    (add_net /col0)
    (add_net /col1)
    (add_net /col2)
    (add_net /col3)
    (add_net /row0)
    (add_net /row1)
    (add_net "Net-(C1-Pad1)")
    (add_net "Net-(C2-Pad1)")
    (add_net "Net-(C8-Pad1)")
    (add_net "Net-(D1-Pad2)")
    (add_net "Net-(D2-Pad2)")
    (add_net "Net-(D3-Pad2)")
    (add_net "Net-(D4-Pad2)")
    (add_net "Net-(D5-Pad2)")
    (add_net "Net-(D6-Pad2)")
    (add_net "Net-(D7-Pad2)")
    (add_net "Net-(D8-Pad2)")
    (add_net "Net-(J1-Pad2)")
    (add_net "Net-(J1-Pad3)")
    (add_net "Net-(J1-Pad4)")
    (add_net "Net-(R1-Pad1)")
    (add_net "Net-(R2-Pad2)")
    (add_net "Net-(R3-Pad1)")
    (add_net "Net-(R4-Pad1)")
    (add_net "Net-(U1-Pad1)")
    (add_net "Net-(U1-Pad10)")
    (add_net "Net-(U1-Pad11)")
    (add_net "Net-(U1-Pad12)")
    (add_net "Net-(U1-Pad18)")
    (add_net "Net-(U1-Pad19)")
    (add_net "Net-(U1-Pad20)")
    (add_net "Net-(U1-Pad21)")
    (add_net "Net-(U1-Pad22)")
    (add_net "Net-(U1-Pad25)")
    (add_net "Net-(U1-Pad26)")
    (add_net "Net-(U1-Pad27)")
    (add_net "Net-(U1-Pad28)")
    (add_net "Net-(U1-Pad29)")
    (add_net "Net-(U1-Pad30)")
    (add_net "Net-(U1-Pad31)")
    (add_net "Net-(U1-Pad32)")
    (add_net "Net-(U1-Pad42)")
    (add_net "Net-(U1-Pad8)")
    (add_net "Net-(U1-Pad9)")
    (add_net VCC)
  )

  (module MountingHole:MountingHole_3.2mm_M3 (layer F.Cu) (tedit 56D1B4CB) (tstamp 5C93ACD2)
    (at 132.5 95)
    (descr "Mounting Hole 3.2mm, no annular, M3")
    (tags "mounting hole 3.2mm no annular m3")
    (attr virtual)
    (fp_text reference REF** (at 0 -4.2) (layer F.SilkS)
      (effects (font (size 1 1) (thickness 0.15)))
    )
    (fp_text value M3_4 (at 0 4.2) (layer F.Fab)
      (effects (font (size 1 1) (thickness 0.15)))
    )
    (fp_circle (center 0 0) (end 3.45 0) (layer F.CrtYd) (width 0.05))
    (fp_circle (center 0 0) (end 3.2 0) (layer Cmts.User) (width 0.15))
    (fp_text user %R (at 0.3 0) (layer F.Fab)
      (effects (font (size 1 1) (thickness 0.15)))
    )
    (pad 1 np_thru_hole circle (at 0 0) (size 3.2 3.2) (drill 3.2) (layers *.Cu *.Mask))
  )

  (module MountingHole:MountingHole_3.2mm_M3 (layer F.Cu) (tedit 56D1B4CB) (tstamp 5C93ACAE)
    (at 20 95)
    (descr "Mounting Hole 3.2mm, no annular, M3")
    (tags "mounting hole 3.2mm no annular m3")
    (attr virtual)
    (fp_text reference REF** (at 0 -4.2) (layer F.SilkS)
      (effects (font (size 1 1) (thickness 0.15)))
    )
    (fp_text value M3_3 (at 0 4.2) (layer F.Fab)
      (effects (font (size 1 1) (thickness 0.15)))
    )
    (fp_circle (center 0 0) (end 3.45 0) (layer F.CrtYd) (width 0.05))
    (fp_circle (center 0 0) (end 3.2 0) (layer Cmts.User) (width 0.15))
    (fp_text user %R (at 0.3 0) (layer F.Fab)
      (effects (font (size 1 1) (thickness 0.15)))
    )
    (pad 1 np_thru_hole circle (at 0 0) (size 3.2 3.2) (drill 3.2) (layers *.Cu *.Mask))
  )

  (module MountingHole:MountingHole_3.2mm_M3 (layer F.Cu) (tedit 56D1B4CB) (tstamp 5C93AC8A)
    (at 132.5 42.5)
    (descr "Mounting Hole 3.2mm, no annular, M3")
    (tags "mounting hole 3.2mm no annular m3")
    (attr virtual)
    (fp_text reference REF** (at 0 -4.2) (layer F.SilkS)
      (effects (font (size 1 1) (thickness 0.15)))
    )
    (fp_text value M3_2 (at 0 4.2) (layer F.Fab)
      (effects (font (size 1 1) (thickness 0.15)))
    )
    (fp_circle (center 0 0) (end 3.45 0) (layer F.CrtYd) (width 0.05))
    (fp_circle (center 0 0) (end 3.2 0) (layer Cmts.User) (width 0.15))
    (fp_text user %R (at 0.3 0) (layer F.Fab)
      (effects (font (size 1 1) (thickness 0.15)))
    )
    (pad 1 np_thru_hole circle (at 0 0) (size 3.2 3.2) (drill 3.2) (layers *.Cu *.Mask))
  )

  (module MountingHole:MountingHole_3.2mm_M3 (layer F.Cu) (tedit 56D1B4CB) (tstamp 5C93AC66)
    (at 20 42.5)
    (descr "Mounting Hole 3.2mm, no annular, M3")
    (tags "mounting hole 3.2mm no annular m3")
    (attr virtual)
    (fp_text reference REF** (at 0 -4.2) (layer F.SilkS)
      (effects (font (size 1 1) (thickness 0.15)))
    )
    (fp_text value M3_1 (at 0 4.2) (layer F.Fab)
      (effects (font (size 1 1) (thickness 0.15)))
    )
    (fp_circle (center 0 0) (end 3.45 0) (layer F.CrtYd) (width 0.05))
    (fp_circle (center 0 0) (end 3.2 0) (layer Cmts.User) (width 0.15))
    (fp_text user %R (at 0.3 0) (layer F.Fab)
      (effects (font (size 1 1) (thickness 0.15)))
    )
    (pad 1 np_thru_hole circle (at 0 0) (size 3.2 3.2) (drill 3.2) (layers *.Cu *.Mask))
  )

  (module Capacitor_SMD:C_0805_2012Metric_Pad1.15x1.40mm_HandSolder (layer B.Cu) (tedit 5B36C52B) (tstamp 5C9288A8)
    (at 109.5375 57.15 90)
    (descr "Capacitor SMD 0805 (2012 Metric), square (rectangular) end terminal, IPC_7351 nominal with elongated pad for handsoldering. (Body size source: https://docs.google.com/spreadsheets/d/1BsfQQcO9C6DZCsRaXUlFlo91Tg2WpOkGARC1WS5S8t0/edit?usp=sharing), generated with kicad-footprint-generator")
    (tags "capacitor handsolder")
    (path /5C920AFE)
    (attr smd)
    (fp_text reference C1 (at 0 1.65 90) (layer B.SilkS)
      (effects (font (size 1 1) (thickness 0.15)) (justify mirror))
    )
    (fp_text value 22p (at 0 -1.65 90) (layer B.Fab)
      (effects (font (size 1 1) (thickness 0.15)) (justify mirror))
    )
    (fp_text user %R (at 0 0 90) (layer B.Fab)
      (effects (font (size 0.5 0.5) (thickness 0.08)) (justify mirror))
    )
    (fp_line (start 1.85 -0.95) (end -1.85 -0.95) (layer B.CrtYd) (width 0.05))
    (fp_line (start 1.85 0.95) (end 1.85 -0.95) (layer B.CrtYd) (width 0.05))
    (fp_line (start -1.85 0.95) (end 1.85 0.95) (layer B.CrtYd) (width 0.05))
    (fp_line (start -1.85 -0.95) (end -1.85 0.95) (layer B.CrtYd) (width 0.05))
    (fp_line (start -0.261252 -0.71) (end 0.261252 -0.71) (layer B.SilkS) (width 0.12))
    (fp_line (start -0.261252 0.71) (end 0.261252 0.71) (layer B.SilkS) (width 0.12))
    (fp_line (start 1 -0.6) (end -1 -0.6) (layer B.Fab) (width 0.1))
    (fp_line (start 1 0.6) (end 1 -0.6) (layer B.Fab) (width 0.1))
    (fp_line (start -1 0.6) (end 1 0.6) (layer B.Fab) (width 0.1))
    (fp_line (start -1 -0.6) (end -1 0.6) (layer B.Fab) (width 0.1))
    (pad 2 smd roundrect (at 1.025 0 90) (size 1.15 1.4) (layers B.Cu B.Paste B.Mask) (roundrect_rratio 0.217391)
      (net 1 +5V))
    (pad 1 smd roundrect (at -1.025 0 90) (size 1.15 1.4) (layers B.Cu B.Paste B.Mask) (roundrect_rratio 0.217391)
      (net 2 "Net-(C1-Pad1)"))
    (model ${KISYS3DMOD}/Capacitor_SMD.3dshapes/C_0805_2012Metric.wrl
      (at (xyz 0 0 0))
      (scale (xyz 1 1 1))
      (rotate (xyz 0 0 0))
    )
  )

  (module Capacitor_SMD:C_0805_2012Metric_Pad1.15x1.40mm_HandSolder (layer B.Cu) (tedit 5B36C52B) (tstamp 5C9288B9)
    (at 119.0625 57.15 90)
    (descr "Capacitor SMD 0805 (2012 Metric), square (rectangular) end terminal, IPC_7351 nominal with elongated pad for handsoldering. (Body size source: https://docs.google.com/spreadsheets/d/1BsfQQcO9C6DZCsRaXUlFlo91Tg2WpOkGARC1WS5S8t0/edit?usp=sharing), generated with kicad-footprint-generator")
    (tags "capacitor handsolder")
    (path /5C922338)
    (attr smd)
    (fp_text reference C2 (at 0 1.65 90) (layer B.SilkS)
      (effects (font (size 1 1) (thickness 0.15)) (justify mirror))
    )
    (fp_text value 22p (at 0 -1.65 90) (layer B.Fab)
      (effects (font (size 1 1) (thickness 0.15)) (justify mirror))
    )
    (fp_line (start -1 -0.6) (end -1 0.6) (layer B.Fab) (width 0.1))
    (fp_line (start -1 0.6) (end 1 0.6) (layer B.Fab) (width 0.1))
    (fp_line (start 1 0.6) (end 1 -0.6) (layer B.Fab) (width 0.1))
    (fp_line (start 1 -0.6) (end -1 -0.6) (layer B.Fab) (width 0.1))
    (fp_line (start -0.261252 0.71) (end 0.261252 0.71) (layer B.SilkS) (width 0.12))
    (fp_line (start -0.261252 -0.71) (end 0.261252 -0.71) (layer B.SilkS) (width 0.12))
    (fp_line (start -1.85 -0.95) (end -1.85 0.95) (layer B.CrtYd) (width 0.05))
    (fp_line (start -1.85 0.95) (end 1.85 0.95) (layer B.CrtYd) (width 0.05))
    (fp_line (start 1.85 0.95) (end 1.85 -0.95) (layer B.CrtYd) (width 0.05))
    (fp_line (start 1.85 -0.95) (end -1.85 -0.95) (layer B.CrtYd) (width 0.05))
    (fp_text user %R (at 0 0 90) (layer B.Fab)
      (effects (font (size 0.5 0.5) (thickness 0.08)) (justify mirror))
    )
    (pad 1 smd roundrect (at -1.025 0 90) (size 1.15 1.4) (layers B.Cu B.Paste B.Mask) (roundrect_rratio 0.217391)
      (net 3 "Net-(C2-Pad1)"))
    (pad 2 smd roundrect (at 1.025 0 90) (size 1.15 1.4) (layers B.Cu B.Paste B.Mask) (roundrect_rratio 0.217391)
      (net 1 +5V))
    (model ${KISYS3DMOD}/Capacitor_SMD.3dshapes/C_0805_2012Metric.wrl
      (at (xyz 0 0 0))
      (scale (xyz 1 1 1))
      (rotate (xyz 0 0 0))
    )
  )

  (module Capacitor_SMD:C_0805_2012Metric_Pad1.15x1.40mm_HandSolder (layer B.Cu) (tedit 5B36C52B) (tstamp 5C9288CA)
    (at 123.825 73.81875 270)
    (descr "Capacitor SMD 0805 (2012 Metric), square (rectangular) end terminal, IPC_7351 nominal with elongated pad for handsoldering. (Body size source: https://docs.google.com/spreadsheets/d/1BsfQQcO9C6DZCsRaXUlFlo91Tg2WpOkGARC1WS5S8t0/edit?usp=sharing), generated with kicad-footprint-generator")
    (tags "capacitor handsolder")
    (path /5C92582A)
    (attr smd)
    (fp_text reference C3 (at 0 1.65 270) (layer B.SilkS)
      (effects (font (size 1 1) (thickness 0.15)) (justify mirror))
    )
    (fp_text value 0.1u (at 0 -1.65 270) (layer B.Fab)
      (effects (font (size 1 1) (thickness 0.15)) (justify mirror))
    )
    (fp_text user %R (at 0 0 270) (layer B.Fab)
      (effects (font (size 0.5 0.5) (thickness 0.08)) (justify mirror))
    )
    (fp_line (start 1.85 -0.95) (end -1.85 -0.95) (layer B.CrtYd) (width 0.05))
    (fp_line (start 1.85 0.95) (end 1.85 -0.95) (layer B.CrtYd) (width 0.05))
    (fp_line (start -1.85 0.95) (end 1.85 0.95) (layer B.CrtYd) (width 0.05))
    (fp_line (start -1.85 -0.95) (end -1.85 0.95) (layer B.CrtYd) (width 0.05))
    (fp_line (start -0.261252 -0.71) (end 0.261252 -0.71) (layer B.SilkS) (width 0.12))
    (fp_line (start -0.261252 0.71) (end 0.261252 0.71) (layer B.SilkS) (width 0.12))
    (fp_line (start 1 -0.6) (end -1 -0.6) (layer B.Fab) (width 0.1))
    (fp_line (start 1 0.6) (end 1 -0.6) (layer B.Fab) (width 0.1))
    (fp_line (start -1 0.6) (end 1 0.6) (layer B.Fab) (width 0.1))
    (fp_line (start -1 -0.6) (end -1 0.6) (layer B.Fab) (width 0.1))
    (pad 2 smd roundrect (at 1.025 0 270) (size 1.15 1.4) (layers B.Cu B.Paste B.Mask) (roundrect_rratio 0.217391)
      (net 1 +5V))
    (pad 1 smd roundrect (at -1.025 0 270) (size 1.15 1.4) (layers B.Cu B.Paste B.Mask) (roundrect_rratio 0.217391)
      (net 4 VCC))
    (model ${KISYS3DMOD}/Capacitor_SMD.3dshapes/C_0805_2012Metric.wrl
      (at (xyz 0 0 0))
      (scale (xyz 1 1 1))
      (rotate (xyz 0 0 0))
    )
  )

  (module Capacitor_SMD:C_0805_2012Metric_Pad1.15x1.40mm_HandSolder (layer B.Cu) (tedit 5B36C52B) (tstamp 5C9288DB)
    (at 123.825 64.29375 270)
    (descr "Capacitor SMD 0805 (2012 Metric), square (rectangular) end terminal, IPC_7351 nominal with elongated pad for handsoldering. (Body size source: https://docs.google.com/spreadsheets/d/1BsfQQcO9C6DZCsRaXUlFlo91Tg2WpOkGARC1WS5S8t0/edit?usp=sharing), generated with kicad-footprint-generator")
    (tags "capacitor handsolder")
    (path /5C92743D)
    (attr smd)
    (fp_text reference C4 (at 0 1.65 270) (layer B.SilkS)
      (effects (font (size 1 1) (thickness 0.15)) (justify mirror))
    )
    (fp_text value 0.1u (at 0 -1.65 270) (layer B.Fab)
      (effects (font (size 1 1) (thickness 0.15)) (justify mirror))
    )
    (fp_line (start -1 -0.6) (end -1 0.6) (layer B.Fab) (width 0.1))
    (fp_line (start -1 0.6) (end 1 0.6) (layer B.Fab) (width 0.1))
    (fp_line (start 1 0.6) (end 1 -0.6) (layer B.Fab) (width 0.1))
    (fp_line (start 1 -0.6) (end -1 -0.6) (layer B.Fab) (width 0.1))
    (fp_line (start -0.261252 0.71) (end 0.261252 0.71) (layer B.SilkS) (width 0.12))
    (fp_line (start -0.261252 -0.71) (end 0.261252 -0.71) (layer B.SilkS) (width 0.12))
    (fp_line (start -1.85 -0.95) (end -1.85 0.95) (layer B.CrtYd) (width 0.05))
    (fp_line (start -1.85 0.95) (end 1.85 0.95) (layer B.CrtYd) (width 0.05))
    (fp_line (start 1.85 0.95) (end 1.85 -0.95) (layer B.CrtYd) (width 0.05))
    (fp_line (start 1.85 -0.95) (end -1.85 -0.95) (layer B.CrtYd) (width 0.05))
    (fp_text user %R (at 0 0 270) (layer B.Fab)
      (effects (font (size 0.5 0.5) (thickness 0.08)) (justify mirror))
    )
    (pad 1 smd roundrect (at -1.025 0 270) (size 1.15 1.4) (layers B.Cu B.Paste B.Mask) (roundrect_rratio 0.217391)
      (net 4 VCC))
    (pad 2 smd roundrect (at 1.025 0 270) (size 1.15 1.4) (layers B.Cu B.Paste B.Mask) (roundrect_rratio 0.217391)
      (net 1 +5V))
    (model ${KISYS3DMOD}/Capacitor_SMD.3dshapes/C_0805_2012Metric.wrl
      (at (xyz 0 0 0))
      (scale (xyz 1 1 1))
      (rotate (xyz 0 0 0))
    )
  )

  (module Capacitor_SMD:C_0805_2012Metric_Pad1.15x1.40mm_HandSolder (layer B.Cu) (tedit 5B36C52B) (tstamp 5C9288EC)
    (at 104.775 64.29375 90)
    (descr "Capacitor SMD 0805 (2012 Metric), square (rectangular) end terminal, IPC_7351 nominal with elongated pad for handsoldering. (Body size source: https://docs.google.com/spreadsheets/d/1BsfQQcO9C6DZCsRaXUlFlo91Tg2WpOkGARC1WS5S8t0/edit?usp=sharing), generated with kicad-footprint-generator")
    (tags "capacitor handsolder")
    (path /5C927E40)
    (attr smd)
    (fp_text reference C5 (at 0 1.65 90) (layer B.SilkS)
      (effects (font (size 1 1) (thickness 0.15)) (justify mirror))
    )
    (fp_text value 0.1u (at 0 -1.65 90) (layer B.Fab)
      (effects (font (size 1 1) (thickness 0.15)) (justify mirror))
    )
    (fp_text user %R (at 0 0 90) (layer B.Fab)
      (effects (font (size 0.5 0.5) (thickness 0.08)) (justify mirror))
    )
    (fp_line (start 1.85 -0.95) (end -1.85 -0.95) (layer B.CrtYd) (width 0.05))
    (fp_line (start 1.85 0.95) (end 1.85 -0.95) (layer B.CrtYd) (width 0.05))
    (fp_line (start -1.85 0.95) (end 1.85 0.95) (layer B.CrtYd) (width 0.05))
    (fp_line (start -1.85 -0.95) (end -1.85 0.95) (layer B.CrtYd) (width 0.05))
    (fp_line (start -0.261252 -0.71) (end 0.261252 -0.71) (layer B.SilkS) (width 0.12))
    (fp_line (start -0.261252 0.71) (end 0.261252 0.71) (layer B.SilkS) (width 0.12))
    (fp_line (start 1 -0.6) (end -1 -0.6) (layer B.Fab) (width 0.1))
    (fp_line (start 1 0.6) (end 1 -0.6) (layer B.Fab) (width 0.1))
    (fp_line (start -1 0.6) (end 1 0.6) (layer B.Fab) (width 0.1))
    (fp_line (start -1 -0.6) (end -1 0.6) (layer B.Fab) (width 0.1))
    (pad 2 smd roundrect (at 1.025 0 90) (size 1.15 1.4) (layers B.Cu B.Paste B.Mask) (roundrect_rratio 0.217391)
      (net 1 +5V))
    (pad 1 smd roundrect (at -1.025 0 90) (size 1.15 1.4) (layers B.Cu B.Paste B.Mask) (roundrect_rratio 0.217391)
      (net 4 VCC))
    (model ${KISYS3DMOD}/Capacitor_SMD.3dshapes/C_0805_2012Metric.wrl
      (at (xyz 0 0 0))
      (scale (xyz 1 1 1))
      (rotate (xyz 0 0 0))
    )
  )

  (module Capacitor_SMD:C_0805_2012Metric_Pad1.15x1.40mm_HandSolder (layer B.Cu) (tedit 5B36C52B) (tstamp 5C9288FD)
    (at 104.775 57.15 90)
    (descr "Capacitor SMD 0805 (2012 Metric), square (rectangular) end terminal, IPC_7351 nominal with elongated pad for handsoldering. (Body size source: https://docs.google.com/spreadsheets/d/1BsfQQcO9C6DZCsRaXUlFlo91Tg2WpOkGARC1WS5S8t0/edit?usp=sharing), generated with kicad-footprint-generator")
    (tags "capacitor handsolder")
    (path /5C9282CB)
    (attr smd)
    (fp_text reference C6 (at 0 1.65 90) (layer B.SilkS)
      (effects (font (size 1 1) (thickness 0.15)) (justify mirror))
    )
    (fp_text value 0.1u (at 0 -1.65 90) (layer B.Fab)
      (effects (font (size 1 1) (thickness 0.15)) (justify mirror))
    )
    (fp_line (start -1 -0.6) (end -1 0.6) (layer B.Fab) (width 0.1))
    (fp_line (start -1 0.6) (end 1 0.6) (layer B.Fab) (width 0.1))
    (fp_line (start 1 0.6) (end 1 -0.6) (layer B.Fab) (width 0.1))
    (fp_line (start 1 -0.6) (end -1 -0.6) (layer B.Fab) (width 0.1))
    (fp_line (start -0.261252 0.71) (end 0.261252 0.71) (layer B.SilkS) (width 0.12))
    (fp_line (start -0.261252 -0.71) (end 0.261252 -0.71) (layer B.SilkS) (width 0.12))
    (fp_line (start -1.85 -0.95) (end -1.85 0.95) (layer B.CrtYd) (width 0.05))
    (fp_line (start -1.85 0.95) (end 1.85 0.95) (layer B.CrtYd) (width 0.05))
    (fp_line (start 1.85 0.95) (end 1.85 -0.95) (layer B.CrtYd) (width 0.05))
    (fp_line (start 1.85 -0.95) (end -1.85 -0.95) (layer B.CrtYd) (width 0.05))
    (fp_text user %R (at 0 0 90) (layer B.Fab)
      (effects (font (size 0.5 0.5) (thickness 0.08)) (justify mirror))
    )
    (pad 1 smd roundrect (at -1.025 0 90) (size 1.15 1.4) (layers B.Cu B.Paste B.Mask) (roundrect_rratio 0.217391)
      (net 4 VCC))
    (pad 2 smd roundrect (at 1.025 0 90) (size 1.15 1.4) (layers B.Cu B.Paste B.Mask) (roundrect_rratio 0.217391)
      (net 1 +5V))
    (model ${KISYS3DMOD}/Capacitor_SMD.3dshapes/C_0805_2012Metric.wrl
      (at (xyz 0 0 0))
      (scale (xyz 1 1 1))
      (rotate (xyz 0 0 0))
    )
  )

  (module Capacitor_SMD:C_0805_2012Metric_Pad1.15x1.40mm_HandSolder (layer B.Cu) (tedit 5B36C52B) (tstamp 5C92890E)
    (at 104.775 73.81875 90)
    (descr "Capacitor SMD 0805 (2012 Metric), square (rectangular) end terminal, IPC_7351 nominal with elongated pad for handsoldering. (Body size source: https://docs.google.com/spreadsheets/d/1BsfQQcO9C6DZCsRaXUlFlo91Tg2WpOkGARC1WS5S8t0/edit?usp=sharing), generated with kicad-footprint-generator")
    (tags "capacitor handsolder")
    (path /5C928712)
    (attr smd)
    (fp_text reference C7 (at 0 1.65 90) (layer B.SilkS)
      (effects (font (size 1 1) (thickness 0.15)) (justify mirror))
    )
    (fp_text value 4.7u (at 0 -1.65 90) (layer B.Fab)
      (effects (font (size 1 1) (thickness 0.15)) (justify mirror))
    )
    (fp_text user %R (at 0 0 90) (layer B.Fab)
      (effects (font (size 0.5 0.5) (thickness 0.08)) (justify mirror))
    )
    (fp_line (start 1.85 -0.95) (end -1.85 -0.95) (layer B.CrtYd) (width 0.05))
    (fp_line (start 1.85 0.95) (end 1.85 -0.95) (layer B.CrtYd) (width 0.05))
    (fp_line (start -1.85 0.95) (end 1.85 0.95) (layer B.CrtYd) (width 0.05))
    (fp_line (start -1.85 -0.95) (end -1.85 0.95) (layer B.CrtYd) (width 0.05))
    (fp_line (start -0.261252 -0.71) (end 0.261252 -0.71) (layer B.SilkS) (width 0.12))
    (fp_line (start -0.261252 0.71) (end 0.261252 0.71) (layer B.SilkS) (width 0.12))
    (fp_line (start 1 -0.6) (end -1 -0.6) (layer B.Fab) (width 0.1))
    (fp_line (start 1 0.6) (end 1 -0.6) (layer B.Fab) (width 0.1))
    (fp_line (start -1 0.6) (end 1 0.6) (layer B.Fab) (width 0.1))
    (fp_line (start -1 -0.6) (end -1 0.6) (layer B.Fab) (width 0.1))
    (pad 2 smd roundrect (at 1.025 0 90) (size 1.15 1.4) (layers B.Cu B.Paste B.Mask) (roundrect_rratio 0.217391)
      (net 1 +5V))
    (pad 1 smd roundrect (at -1.025 0 90) (size 1.15 1.4) (layers B.Cu B.Paste B.Mask) (roundrect_rratio 0.217391)
      (net 4 VCC))
    (model ${KISYS3DMOD}/Capacitor_SMD.3dshapes/C_0805_2012Metric.wrl
      (at (xyz 0 0 0))
      (scale (xyz 1 1 1))
      (rotate (xyz 0 0 0))
    )
  )

  (module Capacitor_SMD:C_0805_2012Metric_Pad1.15x1.40mm_HandSolder (layer B.Cu) (tedit 5B36C52B) (tstamp 5C92891F)
    (at 104.775 69.05625 90)
    (descr "Capacitor SMD 0805 (2012 Metric), square (rectangular) end terminal, IPC_7351 nominal with elongated pad for handsoldering. (Body size source: https://docs.google.com/spreadsheets/d/1BsfQQcO9C6DZCsRaXUlFlo91Tg2WpOkGARC1WS5S8t0/edit?usp=sharing), generated with kicad-footprint-generator")
    (tags "capacitor handsolder")
    (path /5C9418AC)
    (attr smd)
    (fp_text reference C8 (at 0 1.65 90) (layer B.SilkS)
      (effects (font (size 1 1) (thickness 0.15)) (justify mirror))
    )
    (fp_text value 1u (at 0 -1.65 90) (layer B.Fab)
      (effects (font (size 1 1) (thickness 0.15)) (justify mirror))
    )
    (fp_line (start -1 -0.6) (end -1 0.6) (layer B.Fab) (width 0.1))
    (fp_line (start -1 0.6) (end 1 0.6) (layer B.Fab) (width 0.1))
    (fp_line (start 1 0.6) (end 1 -0.6) (layer B.Fab) (width 0.1))
    (fp_line (start 1 -0.6) (end -1 -0.6) (layer B.Fab) (width 0.1))
    (fp_line (start -0.261252 0.71) (end 0.261252 0.71) (layer B.SilkS) (width 0.12))
    (fp_line (start -0.261252 -0.71) (end 0.261252 -0.71) (layer B.SilkS) (width 0.12))
    (fp_line (start -1.85 -0.95) (end -1.85 0.95) (layer B.CrtYd) (width 0.05))
    (fp_line (start -1.85 0.95) (end 1.85 0.95) (layer B.CrtYd) (width 0.05))
    (fp_line (start 1.85 0.95) (end 1.85 -0.95) (layer B.CrtYd) (width 0.05))
    (fp_line (start 1.85 -0.95) (end -1.85 -0.95) (layer B.CrtYd) (width 0.05))
    (fp_text user %R (at 0 0 90) (layer B.Fab)
      (effects (font (size 0.5 0.5) (thickness 0.08)) (justify mirror))
    )
    (pad 1 smd roundrect (at -1.025 0 90) (size 1.15 1.4) (layers B.Cu B.Paste B.Mask) (roundrect_rratio 0.217391)
      (net 5 "Net-(C8-Pad1)"))
    (pad 2 smd roundrect (at 1.025 0 90) (size 1.15 1.4) (layers B.Cu B.Paste B.Mask) (roundrect_rratio 0.217391)
      (net 1 +5V))
    (model ${KISYS3DMOD}/Capacitor_SMD.3dshapes/C_0805_2012Metric.wrl
      (at (xyz 0 0 0))
      (scale (xyz 1 1 1))
      (rotate (xyz 0 0 0))
    )
  )

  (module keyboard_parts:D_SOD123_axial (layer B.Cu) (tedit 561B6A12) (tstamp 5C928932)
    (at 35.71875 64.29375)
    (path /5C954B67)
    (attr smd)
    (fp_text reference D1 (at 0 -1.925) (layer B.SilkS)
      (effects (font (size 0.8 0.8) (thickness 0.15)) (justify mirror))
    )
    (fp_text value D (at 0 1.925) (layer B.SilkS) hide
      (effects (font (size 0.8 0.8) (thickness 0.15)) (justify mirror))
    )
    (fp_line (start 2.8 -1.2) (end -3 -1.2) (layer B.SilkS) (width 0.2))
    (fp_line (start 2.8 1.2) (end 2.8 -1.2) (layer B.SilkS) (width 0.2))
    (fp_line (start -3 1.2) (end 2.8 1.2) (layer B.SilkS) (width 0.2))
    (fp_line (start -2.925 1.2) (end -2.925 -1.2) (layer B.SilkS) (width 0.2))
    (fp_line (start -2.8 1.2) (end -2.8 -1.2) (layer B.SilkS) (width 0.2))
    (fp_line (start -3.025 -1.2) (end -3.025 1.2) (layer B.SilkS) (width 0.2))
    (fp_line (start -2.625 1.2) (end -2.625 -1.2) (layer B.SilkS) (width 0.2))
    (fp_line (start -2.45 1.2) (end -2.45 -1.2) (layer B.SilkS) (width 0.2))
    (fp_line (start -2.275 1.2) (end -2.275 -1.2) (layer B.SilkS) (width 0.2))
    (pad 2 smd rect (at 2.7 0) (size 2.5 0.5) (layers B.Cu)
      (net 6 "Net-(D1-Pad2)") (solder_mask_margin -999))
    (pad 1 smd rect (at -2.7 0) (size 2.5 0.5) (layers B.Cu)
      (net 7 /row0) (solder_mask_margin -999))
    (pad 2 thru_hole circle (at 3.9 0) (size 1.6 1.6) (drill 0.7) (layers *.Cu *.Mask B.SilkS)
      (net 6 "Net-(D1-Pad2)"))
    (pad 1 thru_hole rect (at -3.9 0) (size 1.6 1.6) (drill 0.7) (layers *.Cu *.Mask B.SilkS)
      (net 7 /row0))
    (pad 1 smd rect (at -1.575 0) (size 1.2 1.2) (layers B.Cu B.Paste B.Mask)
      (net 7 /row0))
    (pad 2 smd rect (at 1.575 0) (size 1.2 1.2) (layers B.Cu B.Paste B.Mask)
      (net 6 "Net-(D1-Pad2)"))
  )

  (module keyboard_parts:D_SOD123_axial (layer B.Cu) (tedit 561B6A12) (tstamp 5C928945)
    (at 35.71875 83.34375)
    (path /5C95A5AC)
    (attr smd)
    (fp_text reference D2 (at 0 -1.925) (layer B.SilkS)
      (effects (font (size 0.8 0.8) (thickness 0.15)) (justify mirror))
    )
    (fp_text value D (at 0 1.925) (layer B.SilkS) hide
      (effects (font (size 0.8 0.8) (thickness 0.15)) (justify mirror))
    )
    (fp_line (start -2.275 1.2) (end -2.275 -1.2) (layer B.SilkS) (width 0.2))
    (fp_line (start -2.45 1.2) (end -2.45 -1.2) (layer B.SilkS) (width 0.2))
    (fp_line (start -2.625 1.2) (end -2.625 -1.2) (layer B.SilkS) (width 0.2))
    (fp_line (start -3.025 -1.2) (end -3.025 1.2) (layer B.SilkS) (width 0.2))
    (fp_line (start -2.8 1.2) (end -2.8 -1.2) (layer B.SilkS) (width 0.2))
    (fp_line (start -2.925 1.2) (end -2.925 -1.2) (layer B.SilkS) (width 0.2))
    (fp_line (start -3 1.2) (end 2.8 1.2) (layer B.SilkS) (width 0.2))
    (fp_line (start 2.8 1.2) (end 2.8 -1.2) (layer B.SilkS) (width 0.2))
    (fp_line (start 2.8 -1.2) (end -3 -1.2) (layer B.SilkS) (width 0.2))
    (pad 2 smd rect (at 1.575 0) (size 1.2 1.2) (layers B.Cu B.Paste B.Mask)
      (net 8 "Net-(D2-Pad2)"))
    (pad 1 smd rect (at -1.575 0) (size 1.2 1.2) (layers B.Cu B.Paste B.Mask)
      (net 9 /row1))
    (pad 1 thru_hole rect (at -3.9 0) (size 1.6 1.6) (drill 0.7) (layers *.Cu *.Mask B.SilkS)
      (net 9 /row1))
    (pad 2 thru_hole circle (at 3.9 0) (size 1.6 1.6) (drill 0.7) (layers *.Cu *.Mask B.SilkS)
      (net 8 "Net-(D2-Pad2)"))
    (pad 1 smd rect (at -2.7 0) (size 2.5 0.5) (layers B.Cu)
      (net 9 /row1) (solder_mask_margin -999))
    (pad 2 smd rect (at 2.7 0) (size 2.5 0.5) (layers B.Cu)
      (net 8 "Net-(D2-Pad2)") (solder_mask_margin -999))
  )

  (module keyboard_parts:D_SOD123_axial (layer B.Cu) (tedit 561B6A12) (tstamp 5C928958)
    (at 54.76875 64.29375)
    (path /5C9629AF)
    (attr smd)
    (fp_text reference D3 (at 0 -1.925) (layer B.SilkS)
      (effects (font (size 0.8 0.8) (thickness 0.15)) (justify mirror))
    )
    (fp_text value D (at 0 1.925) (layer B.SilkS) hide
      (effects (font (size 0.8 0.8) (thickness 0.15)) (justify mirror))
    )
    (fp_line (start 2.8 -1.2) (end -3 -1.2) (layer B.SilkS) (width 0.2))
    (fp_line (start 2.8 1.2) (end 2.8 -1.2) (layer B.SilkS) (width 0.2))
    (fp_line (start -3 1.2) (end 2.8 1.2) (layer B.SilkS) (width 0.2))
    (fp_line (start -2.925 1.2) (end -2.925 -1.2) (layer B.SilkS) (width 0.2))
    (fp_line (start -2.8 1.2) (end -2.8 -1.2) (layer B.SilkS) (width 0.2))
    (fp_line (start -3.025 -1.2) (end -3.025 1.2) (layer B.SilkS) (width 0.2))
    (fp_line (start -2.625 1.2) (end -2.625 -1.2) (layer B.SilkS) (width 0.2))
    (fp_line (start -2.45 1.2) (end -2.45 -1.2) (layer B.SilkS) (width 0.2))
    (fp_line (start -2.275 1.2) (end -2.275 -1.2) (layer B.SilkS) (width 0.2))
    (pad 2 smd rect (at 2.7 0) (size 2.5 0.5) (layers B.Cu)
      (net 10 "Net-(D3-Pad2)") (solder_mask_margin -999))
    (pad 1 smd rect (at -2.7 0) (size 2.5 0.5) (layers B.Cu)
      (net 7 /row0) (solder_mask_margin -999))
    (pad 2 thru_hole circle (at 3.9 0) (size 1.6 1.6) (drill 0.7) (layers *.Cu *.Mask B.SilkS)
      (net 10 "Net-(D3-Pad2)"))
    (pad 1 thru_hole rect (at -3.9 0) (size 1.6 1.6) (drill 0.7) (layers *.Cu *.Mask B.SilkS)
      (net 7 /row0))
    (pad 1 smd rect (at -1.575 0) (size 1.2 1.2) (layers B.Cu B.Paste B.Mask)
      (net 7 /row0))
    (pad 2 smd rect (at 1.575 0) (size 1.2 1.2) (layers B.Cu B.Paste B.Mask)
      (net 10 "Net-(D3-Pad2)"))
  )

  (module keyboard_parts:D_SOD123_axial (layer B.Cu) (tedit 561B6A12) (tstamp 5C92896B)
    (at 54.76875 83.34375)
    (path /5C964B21)
    (attr smd)
    (fp_text reference D4 (at 0 -1.925) (layer B.SilkS)
      (effects (font (size 0.8 0.8) (thickness 0.15)) (justify mirror))
    )
    (fp_text value D (at 0 1.925) (layer B.SilkS) hide
      (effects (font (size 0.8 0.8) (thickness 0.15)) (justify mirror))
    )
    (fp_line (start -2.275 1.2) (end -2.275 -1.2) (layer B.SilkS) (width 0.2))
    (fp_line (start -2.45 1.2) (end -2.45 -1.2) (layer B.SilkS) (width 0.2))
    (fp_line (start -2.625 1.2) (end -2.625 -1.2) (layer B.SilkS) (width 0.2))
    (fp_line (start -3.025 -1.2) (end -3.025 1.2) (layer B.SilkS) (width 0.2))
    (fp_line (start -2.8 1.2) (end -2.8 -1.2) (layer B.SilkS) (width 0.2))
    (fp_line (start -2.925 1.2) (end -2.925 -1.2) (layer B.SilkS) (width 0.2))
    (fp_line (start -3 1.2) (end 2.8 1.2) (layer B.SilkS) (width 0.2))
    (fp_line (start 2.8 1.2) (end 2.8 -1.2) (layer B.SilkS) (width 0.2))
    (fp_line (start 2.8 -1.2) (end -3 -1.2) (layer B.SilkS) (width 0.2))
    (pad 2 smd rect (at 1.575 0) (size 1.2 1.2) (layers B.Cu B.Paste B.Mask)
      (net 11 "Net-(D4-Pad2)"))
    (pad 1 smd rect (at -1.575 0) (size 1.2 1.2) (layers B.Cu B.Paste B.Mask)
      (net 9 /row1))
    (pad 1 thru_hole rect (at -3.9 0) (size 1.6 1.6) (drill 0.7) (layers *.Cu *.Mask B.SilkS)
      (net 9 /row1))
    (pad 2 thru_hole circle (at 3.9 0) (size 1.6 1.6) (drill 0.7) (layers *.Cu *.Mask B.SilkS)
      (net 11 "Net-(D4-Pad2)"))
    (pad 1 smd rect (at -2.7 0) (size 2.5 0.5) (layers B.Cu)
      (net 9 /row1) (solder_mask_margin -999))
    (pad 2 smd rect (at 2.7 0) (size 2.5 0.5) (layers B.Cu)
      (net 11 "Net-(D4-Pad2)") (solder_mask_margin -999))
  )

  (module keyboard_parts:D_SOD123_axial (layer B.Cu) (tedit 561B6A12) (tstamp 5C92897E)
    (at 73.81875 64.29375)
    (path /5C96D591)
    (attr smd)
    (fp_text reference D5 (at 0 -1.925) (layer B.SilkS)
      (effects (font (size 0.8 0.8) (thickness 0.15)) (justify mirror))
    )
    (fp_text value D (at 0 1.925) (layer B.SilkS) hide
      (effects (font (size 0.8 0.8) (thickness 0.15)) (justify mirror))
    )
    (fp_line (start 2.8 -1.2) (end -3 -1.2) (layer B.SilkS) (width 0.2))
    (fp_line (start 2.8 1.2) (end 2.8 -1.2) (layer B.SilkS) (width 0.2))
    (fp_line (start -3 1.2) (end 2.8 1.2) (layer B.SilkS) (width 0.2))
    (fp_line (start -2.925 1.2) (end -2.925 -1.2) (layer B.SilkS) (width 0.2))
    (fp_line (start -2.8 1.2) (end -2.8 -1.2) (layer B.SilkS) (width 0.2))
    (fp_line (start -3.025 -1.2) (end -3.025 1.2) (layer B.SilkS) (width 0.2))
    (fp_line (start -2.625 1.2) (end -2.625 -1.2) (layer B.SilkS) (width 0.2))
    (fp_line (start -2.45 1.2) (end -2.45 -1.2) (layer B.SilkS) (width 0.2))
    (fp_line (start -2.275 1.2) (end -2.275 -1.2) (layer B.SilkS) (width 0.2))
    (pad 2 smd rect (at 2.7 0) (size 2.5 0.5) (layers B.Cu)
      (net 12 "Net-(D5-Pad2)") (solder_mask_margin -999))
    (pad 1 smd rect (at -2.7 0) (size 2.5 0.5) (layers B.Cu)
      (net 7 /row0) (solder_mask_margin -999))
    (pad 2 thru_hole circle (at 3.9 0) (size 1.6 1.6) (drill 0.7) (layers *.Cu *.Mask B.SilkS)
      (net 12 "Net-(D5-Pad2)"))
    (pad 1 thru_hole rect (at -3.9 0) (size 1.6 1.6) (drill 0.7) (layers *.Cu *.Mask B.SilkS)
      (net 7 /row0))
    (pad 1 smd rect (at -1.575 0) (size 1.2 1.2) (layers B.Cu B.Paste B.Mask)
      (net 7 /row0))
    (pad 2 smd rect (at 1.575 0) (size 1.2 1.2) (layers B.Cu B.Paste B.Mask)
      (net 12 "Net-(D5-Pad2)"))
  )

  (module keyboard_parts:D_SOD123_axial (layer B.Cu) (tedit 561B6A12) (tstamp 5C928991)
    (at 73.81875 83.34375)
    (path /5C96EC0F)
    (attr smd)
    (fp_text reference D6 (at 0 -1.925) (layer B.SilkS)
      (effects (font (size 0.8 0.8) (thickness 0.15)) (justify mirror))
    )
    (fp_text value D (at 0 1.925) (layer B.SilkS) hide
      (effects (font (size 0.8 0.8) (thickness 0.15)) (justify mirror))
    )
    (fp_line (start -2.275 1.2) (end -2.275 -1.2) (layer B.SilkS) (width 0.2))
    (fp_line (start -2.45 1.2) (end -2.45 -1.2) (layer B.SilkS) (width 0.2))
    (fp_line (start -2.625 1.2) (end -2.625 -1.2) (layer B.SilkS) (width 0.2))
    (fp_line (start -3.025 -1.2) (end -3.025 1.2) (layer B.SilkS) (width 0.2))
    (fp_line (start -2.8 1.2) (end -2.8 -1.2) (layer B.SilkS) (width 0.2))
    (fp_line (start -2.925 1.2) (end -2.925 -1.2) (layer B.SilkS) (width 0.2))
    (fp_line (start -3 1.2) (end 2.8 1.2) (layer B.SilkS) (width 0.2))
    (fp_line (start 2.8 1.2) (end 2.8 -1.2) (layer B.SilkS) (width 0.2))
    (fp_line (start 2.8 -1.2) (end -3 -1.2) (layer B.SilkS) (width 0.2))
    (pad 2 smd rect (at 1.575 0) (size 1.2 1.2) (layers B.Cu B.Paste B.Mask)
      (net 13 "Net-(D6-Pad2)"))
    (pad 1 smd rect (at -1.575 0) (size 1.2 1.2) (layers B.Cu B.Paste B.Mask)
      (net 9 /row1))
    (pad 1 thru_hole rect (at -3.9 0) (size 1.6 1.6) (drill 0.7) (layers *.Cu *.Mask B.SilkS)
      (net 9 /row1))
    (pad 2 thru_hole circle (at 3.9 0) (size 1.6 1.6) (drill 0.7) (layers *.Cu *.Mask B.SilkS)
      (net 13 "Net-(D6-Pad2)"))
    (pad 1 smd rect (at -2.7 0) (size 2.5 0.5) (layers B.Cu)
      (net 9 /row1) (solder_mask_margin -999))
    (pad 2 smd rect (at 2.7 0) (size 2.5 0.5) (layers B.Cu)
      (net 13 "Net-(D6-Pad2)") (solder_mask_margin -999))
  )

  (module keyboard_parts:D_SOD123_axial (layer B.Cu) (tedit 561B6A12) (tstamp 5C9289A4)
    (at 92.86875 64.29375)
    (path /5C97BCFF)
    (attr smd)
    (fp_text reference D7 (at 0 -1.925) (layer B.SilkS)
      (effects (font (size 0.8 0.8) (thickness 0.15)) (justify mirror))
    )
    (fp_text value D (at 0 1.925) (layer B.SilkS) hide
      (effects (font (size 0.8 0.8) (thickness 0.15)) (justify mirror))
    )
    (fp_line (start 2.8 -1.2) (end -3 -1.2) (layer B.SilkS) (width 0.2))
    (fp_line (start 2.8 1.2) (end 2.8 -1.2) (layer B.SilkS) (width 0.2))
    (fp_line (start -3 1.2) (end 2.8 1.2) (layer B.SilkS) (width 0.2))
    (fp_line (start -2.925 1.2) (end -2.925 -1.2) (layer B.SilkS) (width 0.2))
    (fp_line (start -2.8 1.2) (end -2.8 -1.2) (layer B.SilkS) (width 0.2))
    (fp_line (start -3.025 -1.2) (end -3.025 1.2) (layer B.SilkS) (width 0.2))
    (fp_line (start -2.625 1.2) (end -2.625 -1.2) (layer B.SilkS) (width 0.2))
    (fp_line (start -2.45 1.2) (end -2.45 -1.2) (layer B.SilkS) (width 0.2))
    (fp_line (start -2.275 1.2) (end -2.275 -1.2) (layer B.SilkS) (width 0.2))
    (pad 2 smd rect (at 2.7 0) (size 2.5 0.5) (layers B.Cu)
      (net 14 "Net-(D7-Pad2)") (solder_mask_margin -999))
    (pad 1 smd rect (at -2.7 0) (size 2.5 0.5) (layers B.Cu)
      (net 7 /row0) (solder_mask_margin -999))
    (pad 2 thru_hole circle (at 3.9 0) (size 1.6 1.6) (drill 0.7) (layers *.Cu *.Mask B.SilkS)
      (net 14 "Net-(D7-Pad2)"))
    (pad 1 thru_hole rect (at -3.9 0) (size 1.6 1.6) (drill 0.7) (layers *.Cu *.Mask B.SilkS)
      (net 7 /row0))
    (pad 1 smd rect (at -1.575 0) (size 1.2 1.2) (layers B.Cu B.Paste B.Mask)
      (net 7 /row0))
    (pad 2 smd rect (at 1.575 0) (size 1.2 1.2) (layers B.Cu B.Paste B.Mask)
      (net 14 "Net-(D7-Pad2)"))
  )

  (module keyboard_parts:D_SOD123_axial (layer B.Cu) (tedit 561B6A12) (tstamp 5C9289B7)
    (at 92.86875 83.34375)
    (path /5C97CBF5)
    (attr smd)
    (fp_text reference D8 (at 0 -1.925) (layer B.SilkS)
      (effects (font (size 0.8 0.8) (thickness 0.15)) (justify mirror))
    )
    (fp_text value D (at 0 1.925) (layer B.SilkS) hide
      (effects (font (size 0.8 0.8) (thickness 0.15)) (justify mirror))
    )
    (fp_line (start -2.275 1.2) (end -2.275 -1.2) (layer B.SilkS) (width 0.2))
    (fp_line (start -2.45 1.2) (end -2.45 -1.2) (layer B.SilkS) (width 0.2))
    (fp_line (start -2.625 1.2) (end -2.625 -1.2) (layer B.SilkS) (width 0.2))
    (fp_line (start -3.025 -1.2) (end -3.025 1.2) (layer B.SilkS) (width 0.2))
    (fp_line (start -2.8 1.2) (end -2.8 -1.2) (layer B.SilkS) (width 0.2))
    (fp_line (start -2.925 1.2) (end -2.925 -1.2) (layer B.SilkS) (width 0.2))
    (fp_line (start -3 1.2) (end 2.8 1.2) (layer B.SilkS) (width 0.2))
    (fp_line (start 2.8 1.2) (end 2.8 -1.2) (layer B.SilkS) (width 0.2))
    (fp_line (start 2.8 -1.2) (end -3 -1.2) (layer B.SilkS) (width 0.2))
    (pad 2 smd rect (at 1.575 0) (size 1.2 1.2) (layers B.Cu B.Paste B.Mask)
      (net 15 "Net-(D8-Pad2)"))
    (pad 1 smd rect (at -1.575 0) (size 1.2 1.2) (layers B.Cu B.Paste B.Mask)
      (net 9 /row1))
    (pad 1 thru_hole rect (at -3.9 0) (size 1.6 1.6) (drill 0.7) (layers *.Cu *.Mask B.SilkS)
      (net 9 /row1))
    (pad 2 thru_hole circle (at 3.9 0) (size 1.6 1.6) (drill 0.7) (layers *.Cu *.Mask B.SilkS)
      (net 15 "Net-(D8-Pad2)"))
    (pad 1 smd rect (at -2.7 0) (size 2.5 0.5) (layers B.Cu)
      (net 9 /row1) (solder_mask_margin -999))
    (pad 2 smd rect (at 2.7 0) (size 2.5 0.5) (layers B.Cu)
      (net 15 "Net-(D8-Pad2)") (solder_mask_margin -999))
  )

  (module keyboard_parts:USB_miniB_hirose_5S8 (layer B.Cu) (tedit 5950B1FC) (tstamp 5C9289CC)
    (at 64.29375 54.76875)
    (descr "USB miniB hirose UX60SC-MB-5S8")
    (tags "USB miniB hirose through hole UX60SC-MB-5S8")
    (path /5C932CD1)
    (fp_text reference J1 (at 0 -2.45) (layer B.SilkS) hide
      (effects (font (size 0.8128 0.8128) (thickness 0.2032)) (justify mirror))
    )
    (fp_text value USB_mini_micro_B (at 0 -7.95) (layer Dwgs.User) hide
      (effects (font (size 1.524 1.524) (thickness 0.3048)))
    )
    (fp_line (start 3.85 0.4) (end 3.85 -6.1) (layer B.SilkS) (width 0.2))
    (fp_line (start -3.85 0.4) (end -3.85 -6.1) (layer B.SilkS) (width 0.2))
    (fp_line (start -3.85 0.4) (end 3.85 0.4) (layer B.SilkS) (width 0.2))
    (fp_line (start -1 -6.1) (end 1 -6.1) (layer Dwgs.User) (width 0.2))
    (fp_line (start -3.85 -6.6) (end -3.85 -5.7) (layer Dwgs.User) (width 0.2))
    (fp_line (start 3.85 -6.6) (end 3.85 -5.7) (layer Dwgs.User) (width 0.2))
    (fp_text user "PCB edge" (at -0.05 -5.35) (layer Dwgs.User) hide
      (effects (font (size 0.5 0.5) (thickness 0.125)))
